bezier
7 0 15 31 23 75 23 126
bezier
23 126 28 168 33 209 44 251
bezier
44 251 54 290 64 326 69 347
bezier
69 347 72 380 82 424 90 450
bezier
90 450 98 458 106 455 119 448
bezier
119 448 137 424 155 396 165 380
bezier
165 380 207 398 253 404 297 398
bezier
297 398 336 388 360 373 383 357
bezier
357 378 383 404 411 430 440 445
bezier
440 445 448 445 453 440 455 422
bezier
455 422 458 388 458 339 458 303
bezier
458 303 466 253 468 183 468 124
bezier
468 124 479 101 492 85 500 80
display
save
ripndip.png
