line
66 278 68 327
hermite
68 327 79 339 0 -100 -100 -50
line
79 339 170 376
hermite
170 376 241 463 10 40 -10 -30
hermite
241 463 480 479 100 20 -100 20
line
480 479 523 387
line
523 387 660 405
hermite
660 405 673 393 100 10 -10 100
line
673 393 678 321
hermite
678 321 669 303 10 -100 100 10
line
669 303 647 297
line
647 297 637 303
hermite
637 303 609 347 0 100 100 10
hermite
609 347 573 271 -100 -10 -20 60
line
573 271 426 242
hermite
426 242 430 287 10 100 10 -100
hermite
430 287 397 323 -10 100 100 10
hermite
397 323 366 294 -100 -10 10 30
line
366 294 305 285
line
305 285 67 279
